ROSSMANN SMB-PROXY SUBSET DOCUMENTATION
================================================================================

Total Rossmann stores: 1115
Bottom quartile threshold (25%): 278 stores
Revenue threshold (avg daily sales): 4411.60
Number of SMB stores selected: 278
SMB store IDs: [1, 2, 5, 13, 22, 28, 30, 32, 39, 40, 41, 46, 48, 50, 53, 55, 61, 65, 72, 73, 78, 83, 86, 96, 98, 99, 103, 105, 110, 117, 121, 124, 127, 130, 131, 134, 142, 165, 170, 176, 177, 182, 183, 186, 188, 194, 196, 198, 201, 208, 210, 212, 217, 218, 219, 220, 222, 225, 231, 232, 237, 239, 240, 242, 244, 249, 254, 263, 265, 266, 268, 274, 276, 282, 285, 286, 295, 302, 306, 307, 314, 315, 322, 326, 328, 330, 332, 337, 339, 345, 347, 364, 367, 373, 379, 395, 404, 405, 407, 408, 418, 420, 422, 425, 426, 429, 435, 438, 440, 442, 443, 446, 452, 457, 460, 461, 462, 472, 473, 480, 481, 483, 485, 486, 488, 495, 499, 500, 505, 520, 521, 531, 538, 543, 548, 549, 554, 555, 557, 558, 566, 567, 568, 569, 570, 573, 577, 581, 583, 584, 589, 590, 592, 594, 596, 597, 601, 607, 609, 610, 619, 622, 639, 642, 646, 649, 656, 660, 663, 664, 669, 675, 680, 681, 688, 700, 702, 703, 708, 710, 714, 727, 728, 736, 743, 749, 750, 751, 752, 758, 762, 764, 772, 776, 777, 781, 786, 789, 793, 794, 795, 797, 801, 804, 811, 816, 825, 828, 835, 837, 839, 841, 844, 845, 852, 858, 861, 864, 867, 873, 874, 875, 879, 881, 883, 889, 897, 899, 902, 908, 918, 924, 931, 941, 945, 946, 955, 956, 958, 966, 969, 970, 972, 977, 988, 989, 994, 997, 998, 1004, 1009, 1013, 1028, 1030, 1031, 1035, 1036, 1042, 1047, 1049, 1056, 1063, 1065, 1068, 1074, 1076, 1077, 1083, 1088, 1094, 1095, 1098, 1103, 1105, 1106, 1109, 1110, 1111]

Train rows in SMB subset: 253043
Date range: 2013-01-01 to 2015-07-31
Date range preserved: YES (no truncation)

Files created:
- rossmann_smb_train.csv
- rossmann_smb_store.csv
